# Created by Octave 3.2.4, Sun Nov 07 11:09:32 2010 Pacific Standard Time <unknown@unknown>
# name: Bmatrix
# type: matrix
# rows: 7
# columns: 400
 0 1.515151515151515e-005 3.03030303030303e-005 4.545454545454545e-005 6.06060606060606e-005 7.575757575757576e-005 9.09090909090909e-005 0.0001060606060606061 0.0001212121212121212 0.0001363636363636364 0.0001515151515151515 0.0001666666666666667 0.0001818181818181818 0.000196969696969697 0.0002121212121212121 0.0002272727272727273 0.0002424242424242424 0.0002575757575757576 0.0002727272727272727 0.0002878787878787879 0.000303030303030303 0.0003181818181818181 0.0003333333333333333 0.0003484848484848485 0.0003636363636363636 0.0003787878787878788 0.0003939393939393939 0.0004090909090909091 0.0004242424242424243 0.0004393939393939394 0.0004545454545454545 0.0004696969696969697 0.0004848484848484848 0.0005 0.0005151515151515151 0.0005303030303030302 0.0005454545454545455 0.0005606060606060606 0.0005757575757575757 0.0005909090909090909 0.0006060606060606061 0.0006212121212121212 0.0006363636363636363 0.0006515151515151515 0.0006666666666666666 0.0006818181818181818 0.000696969696969697 0.0007121212121212121 0.0007272727272727272 0.0007424242424242425 0.0007575757575757576 0.0007727272727272727 0.0007878787878787878 0.000803030303030303 0.0008181818181818182 0.0008333333333333333 0.0008484848484848485 0.0008636363636363636 0.0008787878787878787 0.000893939393939394 0.0009090909090909091 0.0009242424242424242 0.0009393939393939393 0.0009545454545454546 0.0009696969696969697 0.0009848484848484849 0.001 0.001015151515151515 0.00103030303030303 0.001045454545454545 0.00106060606060606 0.001075757575757576 0.001090909090909091 0.001106060606060606 0.001121212121212121 0.001136363636363636 0.001151515151515151 0.001166666666666667 0.001181818181818182 0.001196969696969697 0.001212121212121212 0.001227272727272727 0.001242424242424242 0.001257575757575757 0.001272727272727273 0.001287878787878788 0.001303030303030303 0.001318181818181818 0.001333333333333333 0.001348484848484848 0.001363636363636364 0.001378787878787879 0.001393939393939394 0.001409090909090909 0.001424242424242424 0.001439393939393939 0.001454545454545454 0.00146969696969697 0.001484848484848485 0.0015 0.0015 0.001505050505050505 0.00151010101010101 0.001515151515151515 0.00152020202020202 0.001525252525252525 0.00153030303030303 0.001535353535353535 0.00154040404040404 0.001545454545454545 0.001550505050505051 0.001555555555555556 0.001560606060606061 0.001565656565656566 0.001570707070707071 0.001575757575757576 0.001580808080808081 0.001585858585858586 0.001590909090909091 0.001595959595959596 0.001601010101010101 0.001606060606060606 0.001611111111111111 0.001616161616161616 0.001621212121212121 0.001626262626262626 0.001631313131313131 0.001636363636363636 0.001641414141414141 0.001646464646464646 0.001651515151515152 0.001656565656565657 0.001661616161616162 0.001666666666666667 0.001671717171717172 0.001676767676767677 0.001681818181818182 0.001686868686868687 0.001691919191919192 0.001696969696969697 0.001702020202020202 0.001707070707070707 0.001712121212121212 0.001717171717171717 0.001722222222222222 0.001727272727272727 0.001732323232323232 0.001737373737373737 0.001742424242424242 0.001747474747474747 0.001752525252525253 0.001757575757575758 0.001762626262626263 0.001767676767676768 0.001772727272727273 0.001777777777777778 0.001782828282828283 0.001787878787878788 0.001792929292929293 0.001797979797979798 0.001803030303030303 0.001808080808080808 0.001813131313131313 0.001818181818181818 0.001823232323232323 0.001828282828282828 0.001833333333333333 0.001838383838383838 0.001843434343434343 0.001848484848484849 0.001853535353535354 0.001858585858585859 0.001863636363636364 0.001868686868686869 0.001873737373737374 0.001878787878787879 0.001883838383838384 0.001888888888888889 0.001893939393939394 0.001898989898989899 0.001904040404040404 0.001909090909090909 0.001914141414141414 0.001919191919191919 0.001924242424242424 0.001929292929292929 0.001934343434343434 0.001939393939393939 0.001944444444444444 0.00194949494949495 0.001954545454545454 0.00195959595959596 0.001964646464646465 0.00196969696969697 0.001974747474747475 0.00197979797979798 0.001984848484848485 0.00198989898989899 0.001994949494949495 0.002 0.002 0.00201010101010101 0.00202020202020202 0.00203030303030303 0.00204040404040404 0.00205050505050505 0.002060606060606061 0.002070707070707071 0.002080808080808081 0.002090909090909091 0.002101010101010101 0.002111111111111111 0.002121212121212121 0.002131313131313132 0.002141414141414142 0.002151515151515152 0.002161616161616162 0.002171717171717172 0.002181818181818182 0.002191919191919192 0.002202020202020202 0.002212121212121212 0.002222222222222222 0.002232323232323232 0.002242424242424242 0.002252525252525252 0.002262626262626263 0.002272727272727273 0.002282828282828283 0.002292929292929293 0.002303030303030303 0.002313131313131313 0.002323232323232323 0.002333333333333334 0.002343434343434344 0.002353535353535354 0.002363636363636364 0.002373737373737374 0.002383838383838384 0.002393939393939394 0.002404040404040404 0.002414141414141414 0.002424242424242424 0.002434343434343434 0.002444444444444444 0.002454545454545454 0.002464646464646465 0.002474747474747475 0.002484848484848485 0.002494949494949495 0.002505050505050505 0.002515151515151515 0.002525252525252525 0.002535353535353536 0.002545454545454546 0.002555555555555556 0.002565656565656566 0.002575757575757576 0.002585858585858586 0.002595959595959596 0.002606060606060606 0.002616161616161616 0.002626262626262626 0.002636363636363636 0.002646464646464646 0.002656565656565656 0.002666666666666667 0.002676767676767677 0.002686868686868687 0.002696969696969697 0.002707070707070707 0.002717171717171717 0.002727272727272727 0.002737373737373738 0.002747474747474748 0.002757575757575758 0.002767676767676768 0.002777777777777778 0.002787878787878788 0.002797979797979798 0.002808080808080808 0.002818181818181818 0.002828282828282828 0.002838383838383838 0.002848484848484848 0.002858585858585859 0.002868686868686869 0.002878787878787879 0.002888888888888889 0.002898989898989899 0.002909090909090909 0.002919191919191919 0.00292929292929293 0.00293939393939394 0.00294949494949495 0.00295959595959596 0.00296969696969697 0.00297979797979798 0.00298989898989899 0.003 0.003 0.00303030303030303 0.003060606060606061 0.003090909090909091 0.003121212121212121 0.003151515151515152 0.003181818181818182 0.003212121212121212 0.003242424242424242 0.003272727272727273 0.003303030303030303 0.003333333333333334 0.003363636363636364 0.003393939393939394 0.003424242424242424 0.003454545454545454 0.003484848484848485 0.003515151515151515 0.003545454545454546 0.003575757575757576 0.003606060606060606 0.003636363636363636 0.003666666666666667 0.003696969696969697 0.003727272727272728 0.003757575757575758 0.003787878787878788 0.003818181818181818 0.003848484848484848 0.003878787878787879 0.003909090909090909 0.00393939393939394 0.003969696969696969 0.004 0.004030303030303031 0.004060606060606061 0.004090909090909091 0.004121212121212121 0.004151515151515152 0.004181818181818182 0.004212121212121212 0.004242424242424243 0.004272727272727273 0.004303030303030303 0.004333333333333333 0.004363636363636364 0.004393939393939394 0.004424242424242424 0.004454545454545455 0.004484848484848485 0.004515151515151515 0.004545454545454545 0.004575757575757576 0.004606060606060606 0.004636363636363636 0.004666666666666667 0.004696969696969697 0.004727272727272728 0.004757575757575757 0.004787878787878788 0.004818181818181818 0.004848484848484848 0.004878787878787879 0.004909090909090909 0.00493939393939394 0.004969696969696969 0.005 0.00503030303030303 0.005060606060606061 0.005090909090909091 0.005121212121212121 0.005151515151515152 0.005181818181818182 0.005212121212121212 0.005242424242424242 0.005272727272727273 0.005303030303030303 0.005333333333333333 0.005363636363636364 0.005393939393939394 